6
BFN
AKL
CAN
PRE
HLM
SYD
0    7431 6628 226  7387 6782
7431 0    1429 7586 71   1338
6628 1429 0    6712 1455 154
226  7586 6712 0    7546 6867
7387 71   1455 7546 0    1369
6782 1338 154  6867 1369 0
