20
BOS
MIA
BUF
NYJ
CIN
PIT
BAL
CLE
IND
JAC
NAS
HOU
DEN
SAN
KAN
OAK
NYG
DAL
WAS
PHI
        0  1270   396   189   739     480   364   554   805  1023     941  1617  1753  2581  1237    2682   189  1542   394   255
     1270     0   1201  1104   972    1024   960  1094  1028   329     820   967  1710  2258  1246    2571  1104  1109   933  1047
      396  1201     0    294   395     183   287   185   440   893     632  1306  1357  2189   851    2287   294  1195   301   283
      189  1104   294     0    571     315   176   409   644   843     759  1433  1616  2431  1085    2556     0  1366   205    66
      739   972   395   571     0      259   428   211    88   643     244   910  1072  1866   526    2021   571   807   410   517
      480  1024   183   315   259       0    200   115   329   712     472  1152  1305  2116   770    2249   315  1063   195   267
      364   960   287   176   428     200     0    314   509   680     593  1261  1495  2294   953    2442   176  1203    30   109
      554  1094   185   409   211     115   314     0    257   772     452  1121  1207  2028   682    2148   409  1010   310   369
      805  1028   440   644    88     329   509   257     0    700     248   878   987  1788   444    1935   644   755   493   593
     1023   329   893   843   643     712   680   772   700     0      502   829  1453  2085   953    2356   843   906   651   779
      941   820   632   759   244     472   593   452   248   502       0    680  1008  1741   471    1946   759   612   567   697
     1617   967  1306  1433   910    1152  1261  1121   878   829     680     0    871  1291   670    1623  1433   242  1233  1368
     1753  1710  1357  1616  1072    1305  1495  1207   987  1453    1008   871     0    847   550     949  1616   643  1480  1572
     2581  2258  2189  2431  1866    2116  2294  2028  1788  2085    1741  1291   847     0   1346     452  2431  1180  2275  2381
     1237  1246   851  1085   526     770   953   682   444   953     471   670   550  1346     0     1498  1085   456   936  1036
     2682  2571  2287  2556  2021    2249  2442  2148  1935  2356    1946  1623   949   452  1498       0   2556  1462  2428  2515
      189  1104   294     0   571     315   176   409   644   843     759  1433  1616  2431  1085    2556     0   1366   205    66
     1542  1109  1195  1366   807    1063  1203  1010   755   906     612   242   643  1180   456    1462  1366     0   1178  1305
      394   933   301   205   410     195    30   310   493   651     567  1233  1480  2275   936    2428   205  1178      0   139
      255  1047   283    66   517     267   109   369   593   779     697  1368  1572  2381  1036    2515    66  1305    139   0