8
SOL
ERI
ARA
GEM
PSC
CEP
AND
CNC
0    10   15   34   36   39   44   44   
10   0    22   32   31   40   39   44   
15   22   0    47   45   50   56   56   
34   32   47   0    51   41   47   14   
36   31   45   51   0    35   18   64   
39   40   50   41   35   0    27   48   
44   39   56   47   18   27   0    59   
44   44   56   14   64   48   59   0    
